238120	cd00199	WAP	1	inhibitory loop	0	1	1	1	16,17,18,19,20,21,22	0
188645	cd00958	DhnA	1	putative active site 	0	0	1	0	176,179,201,202,203,223,224,225	0
188645	cd00958	DhnA	2	catalytic residue	0	0	1	1	176	1
239245	cd02947	TRX_family	1	catalytic residues	0	0	1	1	21,24	1
239775	cd04242	AAK_G5K_ProB	1	nucleotide binding site	0	1	0	1	8,163,164,165,168,169,205,207,211	5
239775	cd04242	AAK_G5K_ProB	2	putative phosphate binding site	0	0	1	1	45,46,47,48,49,50,51,52	4
239775	cd04242	AAK_G5K_ProB	3	putative allosteric binding site	0	0	1	1	46,131,142	0
239775	cd04242	AAK_G5K_ProB	4	homotetrameric interface	0	1	0	1	33,34,37,67,71,94,96,110,111,117,120,130,132,133	2
199208	cd08964	L-asparaginase_II	1	active site	0	1	1	1	9,10,53,54,55,86,87,88,112,160,242	1
199208	cd08964	L-asparaginase_II	2	homodimer interface	0	1	1	1	55,56,57,58,59,62,88,89,91,92,93,160,161,162,163,164,208,209,210,212,214,218,220,221,224,225,228,230,238,239,240,242,243,244,265,266,267,270,271,297,298,301	2
199208	cd08964	L-asparaginase_II	3	homotetramer interface	0	1	1	0	10,55,56,57,58,59,62,88,92,114,119,120,121,124,125,149,150,154,156,160,161,162,163,165,175,176,177,179,181,186,188,189,190,192,193,210,212,214,218,220,228,230,238,239,240,242,244,265,266,273,274	2
206756	cd10019	14-3-3_sigma	1	dimer interface	0	1	1	1	4,8,11,12,14,17,24,57,60,64,79,80,82,83,86,87,90	2
206756	cd10019	14-3-3_sigma	2	peptide binding site	0	1	1	1	48,49,55,121,128,129,173,174,177,181,225,229	2
206756	cd10019	14-3-3_sigma	3	putative phospho-independent ligand binding site	0	0	1	1	201,203,205	0
410909	cd19501	RecA-like_FtsH	1	ATP binding site	0	1	1	1	4,5,6,45,46,47,48,49,50,51	5
410909	cd19501	RecA-like_FtsH	2	hexamer interface	0	1	1	0	17,34,68,76,92,102,103,105,123,124,131,134,135,150,166	2
