238120	cd00199	WAP	1	inhibitory loop	0	1	1	1	16,17,18,19,20,21,22	0
199208	cd08964	L-asparaginase_II	1	active site	0	1	1	1	9,10,54,55,86,87,88,112,160	1
199208	cd08964	L-asparaginase_II	2	homodimer interface	0	1	1	1	53,55,56,57,58,59,62,88,89,92,113,160,161,162,163,164,208,209,210,212,213,214,218,220,221,224,225,228,236,238,239,240,242,244,265,270,271,297,298,301	2
188645	cd00958	DhnA	1	catalytic residue	0	1	1	1	160	1
410909	cd19501	RecA-like_FtsH	1	ATP binding site	0	1	1	1	48,49,50,66,68,69,102,103	5
239775	cd04242	AAK_G5K_ProB	1	nucleotide binding site	0	1	1	1	4,6,7,8,164,165,168,169	5
239775	cd04242	AAK_G5K_ProB	2	substrate binding site	0	1	1	1	4,6,7,44,45,46,142,143,144	5
409299	cd21157	PUA_G5K	1	putative RNA binding site	0	1	1	1	18,24,26,27,30,31,32,33,93,94,98,99,100,101	3
206756	cd10019	14-3-3_sigma	1	peptide binding site	0	1	1	1	48,55,121,128,129,170,173,174,177,180,181,218,221,224,225	2
206756	cd10019	14-3-3_sigma	2	dimer interface	0	1	1	1	8,11,12,14,15,17,20,57,60,64,79,83,86,87,90	2
