CC   -------------------------------------------------------------------------
CC        PROSITE protein domains and families database
CC        SIB Swiss Institute of Bioinformatics; Geneva, Switzerland
CC   -------------------------------------------------------------------------
CC
CC   Description: miniprofiles
CC   Name:        evaluator.dat
CC   Release:     20.132 of 30-Nov-2016
CC   -------------------------------------------------------------------------
CC
CC   This file contains the miniprofiles used by ps_scan.pl to evaluate
CC   PROSITE pattern matches.
//
ID   AAA_MP; MATRIX.
AC   MP00674;
DT   APR-2007 (CREATED); APR-2007 (DATA UPDATE); APR-2007 (INFO UPDATE).
DE   AAA-protein family signature.
MA   /GENERAL_SPEC: ALPHABET='ABCDEFGHIKLMNPQRSTVWYZ'; LENGTH=52;
MA   /DISJOINT: DEFINITION=PROTECT; N1=6; N2=47;
MA   /NORMALIZATION: MODE=1; FUNCTION=LINEAR; R1=5.2330637; R2=0.0150086; TEXT='-LogE';
MA   /CUT_OFF: LEVEL=0; SCORE=348; N_SCORE=10.446; MODE=1; TEXT='!';
MA   /CUT_OFF: LEVEL=-1; SCORE=85; N_SCORE=6.5; MODE=1; TEXT='?';
MA   /DEFAULT: M0=-8; D=-20; I=-20; B0=-200; B1=-200; E0=-200; E1=-200; MI=-105; MD=-105; IM=-105; DM=-105;
MA   /I: B0=0; BI=-105; BD=-105;
MA   /M: SY='L'; M=-10,-30,-20,-30,-20,10,-30,-20,20,-30,50,20,-30,-30,-20,-20,-30,-10,10,-20,0,-20;
MA   /M: SY='N'; M=-2,16,-18,4,-4,-16,-5,-1,-13,-7,-18,-11,29,-15,-3,-7,10,3,-17,-35,-17,-4;
MA   /M: SY='Q'; M=1,-1,-25,-2,13,-31,-4,-4,-22,1,-19,-9,-1,-10,24,-3,4,-3,-22,-23,-16,19;
MA   /M: SY='L'; M=-10,-27,-20,-31,-23,24,-29,-20,15,-27,32,14,-24,-28,-24,-20,-24,-9,9,-14,5,-22;
MA   /M: SY='L'; M=-10,-26,-20,-28,-19,7,-28,-17,19,-26,43,22,-26,-28,-15,-18,-27,-10,8,-21,-1,-17;
MA   /M: SY='T'; M=3,1,-13,-8,-10,-12,-13,-13,-4,-10,-12,-6,6,-16,-9,-11,13,19,1,-32,-13,-10;
MA   /M: SY='E'; M=-4,0,-26,3,24,-26,-19,-2,-18,4,-11,-7,-4,-9,23,0,-3,-8,-21,-24,-12,23;
MA   /M: SY='M'; M=-11,-25,-25,-30,-21,4,-26,-15,18,-21,24,28,-24,-24,-12,-18,-24,-10,8,-4,3,-17;
MA   /M: SY='D'; M=-19,47,-30,64,19,-39,-10,1,-38,1,-30,-28,21,-11,1,-7,0,-10,-30,-39,-20,10;
MA   /M: SY='G'; M=-1,-8,-29,-9,-16,-29,56,-17,-37,-16,-28,-18,2,-19,-14,-14,1,-15,-28,-21,-27,-16;
MA   /M: SY='V'; M=-7,-25,-19,-29,-25,19,-28,-23,18,-24,13,8,-20,-26,-26,-20,-15,-6,20,-16,3,-25;
MA   /I: I=-3; MI=0; MD=-15; IM=0; DM=-15;
MA   /M: SY='D'; M=-4,11,-17,14,13,-17,-10,-4,-18,1,-15,-13,6,-7,3,-4,4,0,-15,-23,-11,8; D=-3;
MA   /I: I=-3; DM=-15;
MA   /M: SY='S'; M=0,-1,-19,-1,3,-20,-4,-7,-18,-1,-17,-11,1,-3,3,0,5,1,-15,-23,-15,2; D=-3;
MA   /I: I=-3; DM=-15;
MA   /M: SY='N'; M=-6,5,-21,4,2,-18,-11,-2,-19,0,-14,-11,8,-16,0,5,3,0,-15,-30,-13,0; D=-3;
MA   /I: I=-3; DM=-15;
MA   /M: SY='D'; M=-8,11,-26,15,12,-26,-1,-4,-28,1,-24,-18,8,-11,3,-3,4,-3,-24,-25,-16,7; D=-3;
MA   /I: I=-3; DM=-15;
MA   /M: SY='N'; M=-6,12,-25,9,2,-26,12,-2,-27,-2,-24,-16,17,-15,1,-2,3,-8,-25,-28,-19,1; D=-3;
MA   /I: I=-3; DM=-15;
MA   /M: SY='V'; M=-5,-27,-18,-30,-26,-2,-32,-27,29,-18,11,11,-23,-25,-22,-14,-12,-2,35,-26,-7,-26;
MA   /M: SY='I'; M=-9,-26,-22,-30,-23,5,-31,-20,23,-17,18,15,-22,-25,-18,-16,-19,-8,20,-18,3,-22;
MA   /M: SY='V'; M=-3,-28,-16,-32,-28,-1,-32,-29,33,-23,12,12,-25,-26,-25,-22,-11,0,40,-27,-7,-28;
MA   /M: SY='I'; M=-11,-29,-24,-35,-25,11,-33,-22,31,-27,29,23,-24,-25,-20,-23,-23,-10,19,-17,3,-24;
MA   /M: SY='G'; M=11,-13,-7,-19,-18,-18,20,-18,-19,-16,-13,-3,-8,-19,-15,-19,-1,-9,-11,-23,-20,-16;
MA   /M: SY='A'; M=35,-9,-11,-18,-11,-17,-2,-19,-9,-10,-9,-6,-8,-11,-10,-17,10,9,-1,-22,-17,-10;
MA   /M: SY='T'; M=1,0,-10,-9,-9,-11,-18,-19,-11,-10,-12,-11,1,-10,-9,-10,22,47,-1,-31,-11,-9;
MA   /M: SY='N'; M=-8,36,-19,18,0,-20,0,8,-20,-1,-30,-20,55,-19,0,-1,13,2,-28,-40,-20,0;
MA   /M: SY='R'; M=-17,-11,-28,-14,-6,-10,-23,3,-16,11,-9,-3,-2,-21,1,34,-12,-10,-13,-19,-2,-6;
MA   /M: SY='P'; M=-7,-18,-33,-14,-3,-20,-22,-19,-8,-11,-16,-11,-17,46,-10,-17,-9,-6,-15,-27,-20,-10;
MA   /M: SY='D'; M=-13,18,-31,28,22,-28,-14,-3,-30,1,-24,-22,6,-10,7,-5,-3,-10,-28,-11,-12,15;
MA   /M: SY='V'; M=-4,-6,-21,-6,-3,-14,-21,-14,-3,-5,-2,0,-8,-16,-6,-6,-5,0,1,-27,-11,-5;
MA   /M: SY='L'; M=-9,-30,-23,-34,-24,6,-34,-24,32,-29,36,19,-26,-26,-21,-24,-25,-9,20,-21,-1,-24;
MA   /M: SY='D'; M=-20,50,-30,70,20,-40,-10,0,-40,0,-30,-30,20,-10,0,-10,0,-10,-30,-40,-20,10;
MA   /M: SY='P'; M=-2,-2,-27,3,11,-27,-14,-12,-21,0,-24,-17,-4,23,-1,-8,2,-4,-20,-30,-22,3;
MA   /M: SY='A'; M=48,-9,-10,-19,-9,-20,0,-19,-11,-10,-11,-11,-9,-10,-9,-19,12,1,-1,-21,-20,-9;
MA   /M: SY='L'; M=-7,-29,-22,-33,-23,11,-31,-23,25,-29,35,17,-26,-26,-21,-23,-24,-9,15,-18,1,-23;
MA   /M: SY='L'; M=-11,-23,-22,-26,-17,-1,-27,-15,11,-11,20,16,-20,-25,-11,3,-19,-7,9,-21,-4,-16;
MA   /M: SY='R'; M=-19,-5,-29,-3,2,-22,-18,0,-30,26,-21,-12,2,-19,9,60,-7,-9,-20,-22,-11,1;
MA   /I: I=-6; MD=-29;
MA   /M: SY='P'; M=-6,-11,-23,-6,0,-17,-12,-11,-12,-5,-17,-12,-11,49,-5,-9,-5,-5,-17,-18,-17,-6; D=-6;
MA   /I: I=-6; MI=-29; MD=-29; IM=-29; DM=-29;
MA   /M: SY='G'; M=0,-6,-18,-6,-12,-18,41,-12,-24,-12,-18,-12,0,-12,-12,-12,0,-12,-18,-12,-18,-12; D=-6;
MA   /I: I=-6; DM=-29;
MA   /M: SY='R'; M=-20,-11,-30,-11,-1,-17,-21,1,-28,28,-19,-9,-1,-21,9,65,-11,-10,-19,-17,-5,-1;
MA   /M: SY='F'; M=-9,-28,-20,-35,-26,37,-28,-20,13,-26,19,11,-22,-27,-28,-20,-19,-9,10,-7,11,-25;
MA   /M: SY='D'; M=-15,28,-29,41,19,-32,-13,-4,-29,-1,-23,-20,9,-2,1,-10,-1,-8,-24,-35,-19,10;
MA   /M: SY='R'; M=-10,-11,-25,-13,-4,-15,-23,-10,-9,14,-9,-1,-7,-18,0,22,-10,-6,-4,-21,-7,-4;
MA   /M: SY='R'; M=-10,-6,-25,-6,6,-23,-21,-1,-20,19,-16,-6,-3,-15,13,23,-7,-8,-15,-23,-9,8;
MA   /M: SY='I'; M=-8,-24,-23,-30,-20,5,-31,-21,23,-20,14,13,-20,-22,-14,-18,-16,-8,17,-18,0,-18;
MA   /M: SY='Y'; M=-14,-9,-25,-10,1,4,-25,6,-6,-8,-1,-2,-9,-20,-3,-8,-12,-8,-11,-7,21,-3;
MA   /M: SY='I'; M=-8,-30,-15,-36,-30,15,-34,-28,30,-26,13,11,-24,-26,-28,-24,-16,-6,29,-19,1,-30;
MA   /M: SY='P'; M=-5,-3,-29,1,-1,-28,10,-13,-28,-8,-30,-20,1,20,-7,-13,4,-7,-26,-30,-25,-6;
MA   /M: SY='L'; M=-10,-17,-24,-17,-11,-5,-24,-7,2,-16,15,6,-13,-10,-8,-10,-17,-9,-5,-23,-5,-10;
MA   /M: SY='P'; M=-7,-20,-27,-12,-3,-29,-20,-21,-20,-11,-28,-20,-20,76,-11,-21,-9,-10,-27,-31,-30,-11;
MA   /M: SY='D'; M=-9,28,-23,34,10,-28,-6,-4,-29,-4,-27,-23,19,-10,-2,-9,9,2,-23,-36,-19,4;
MA   /I: I=-6; MD=-29;
MA   /M: SY='D'; M=7,5,-18,8,2,-19,-10,-9,-15,-8,-14,-13,-1,-10,-5,-13,6,-1,-9,-26,-11,-2; D=-6;
MA   /I: I=-6; MI=-29; MD=-29; IM=-29; DM=-29;
MA   /M: SY='E'; M=0,2,-21,2,9,-15,-15,-4,-20,4,-16,-11,-1,-10,2,-1,1,0,-15,-22,-9,6; D=-6;
MA   /I: I=-6; DM=-29;
MA   /M: SY='A'; M=12,-3,-20,-7,6,-25,-8,-9,-18,-1,-15,-9,-3,-10,12,-3,6,3,-14,-23,-16,8;
MA   /I: E0=0; IE=-105; DE=-105;
CC   /SCALING_DB=window20;
CC   /AUTHOR=B_Cuche;
CC   /VERSION=1;
DO   PDOC00572;
//
ID   GLUTAMATE_5_KINASE_MP; MATRIX.
AC   MP00902;
DT   APR-2007 (CREATED); APR-2007 (DATA UPDATE); APR-2007 (INFO UPDATE).
DE   Glutamate 5-kinase signature.
MA   /GENERAL_SPEC: ALPHABET='ABCDEFGHIKLMNPQRSTVWYZ'; LENGTH=49;
MA   /DISJOINT: DEFINITION=PROTECT; N1=5; N2=45;
MA   /NORMALIZATION: MODE=1; FUNCTION=LINEAR; R1=5.9205489; R2=0.0170283; TEXT='-LogE';
MA   /CUT_OFF: LEVEL=0; SCORE=129; N_SCORE=8.107; MODE=1; TEXT='!';
MA   /CUT_OFF: LEVEL=-1; SCORE=35; N_SCORE=6.5; MODE=1; TEXT='?';
MA   /DEFAULT: M0=-9; D=-20; I=-20; B0=-200; B1=-200; E0=-200; E1=-200; MI=-105; MD=-105; IM=-105; DM=-105;
MA   /I: B0=0; BI=-105; BD=-105;
MA   /M: SY='V'; M=-3,-30,-13,-30,-27,3,-30,-27,27,-23,21,13,-30,-30,-27,-20,-16,-3,39,-27,-7,-27;
MA   /I: I=-6; MD=-32;
MA   /M: M=-6,-6,-21,-7,-3,-10,-18,-5,-4,-9,-10,-6,-4,-8,-7,-10,0,0,-2,-24,-5,-7; D=-6;
MA   /I: I=-6; MI=-32; IM=-32; DM=-32;
MA   /M: SY='E'; M=-8,5,-24,6,11,-21,-16,2,-21,2,-19,-13,5,-8,4,3,2,-1,-17,-28,-11,6;
MA   /M: SY='E'; M=-1,-4,-21,-5,2,-16,-12,-7,-13,-1,-13,-9,-3,-15,-2,-2,1,-3,-7,-26,-11,-1;
MA   /I: I=-5; MD=-27;
MA   /M: SY='I'; M=-7,-13,-25,-16,-10,-8,-21,-17,9,-15,-1,1,-9,-11,-11,-17,-6,-4,4,-24,-8,-13; D=-5;
MA   /I: I=-5; MD=-27;
MA   /M: SY='T'; M=-2,7,-20,7,3,-21,-13,-12,-18,-1,-17,-14,3,-6,-4,-7,7,12,-12,-30,-15,-1; D=-5;
MA   /I: I=-5; MD=-27;
MA   /M: SY='P'; M=-10,3,-29,9,11,-25,-15,-5,-20,-2,-19,-14,-2,13,1,-7,-4,-7,-21,-29,-17,4; D=-5;
MA   /I: I=-5; MI=-27; IM=-27; DM=-27;
MA   /M: SY='E'; M=-5,3,-24,6,15,-20,-15,-4,-17,-2,-11,-9,-2,-12,6,-6,-2,-5,-15,-27,-12,10;
MA   /M: SY='I'; M=-7,-14,-24,-18,-15,-6,-23,-18,14,-18,8,6,-11,-20,-12,-17,-12,-6,7,-21,-5,-15;
MA   /M: SY='E'; M=-7,-3,-26,0,13,-17,-12,-8,-17,-1,-8,-8,-5,-14,2,-4,-7,-10,-16,-23,-12,7;
MA   /M: SY='A'; M=9,-8,-19,-12,-5,-14,-13,-12,-6,-4,-8,-5,-7,-16,-5,-7,0,-3,-2,-22,-9,-6;
MA   /M: SY='M'; M=-2,-15,-16,-22,-16,-6,-19,-11,9,-13,5,16,-12,-20,-8,-13,-6,0,8,-23,-5,-13;
MA   /M: SY='A'; M=26,-7,-13,-14,-7,-14,-2,-16,-14,-9,-12,-10,-7,-13,-7,-13,6,-1,-6,-20,-15,-7;
MA   /I: I=-4; MI=0; MD=-23; IM=0; DM=-23;
MA   /M: SY='G'; M=-1,-5,-16,-6,-10,-15,25,-7,-18,-10,-15,-8,0,-12,-9,-9,1,-7,-13,-15,-14,-10; D=-4;
MA   /I: I=-4; DM=-23;
MA   /M: SY='G'; M=-1,4,-25,4,-7,-28,32,-12,-31,-11,-27,-19,7,-14,-10,-13,5,-10,-24,-27,-24,-8; D=-4;
MA   /I: I=-4; DM=-23;
MA   /M: SY='S'; M=8,0,-20,0,2,-23,-6,-12,-19,-5,-20,-16,-2,5,-3,-10,9,4,-14,-27,-18,-1; D=-4;
MA   /I: I=-4; DM=-23;
MA   /M: SY='G'; M=0,-4,-24,-7,-9,-25,24,-11,-26,-5,-24,-14,3,-15,-9,-8,1,-9,-19,-24,-20,-9; D=-4;
MA   /I: I=-4; DM=-23;
MA   /M: SY='S'; M=4,4,-15,1,-4,-21,8,-10,-22,-10,-27,-19,14,-13,-5,-10,26,15,-15,-35,-20,-4;
MA   /I: I=-6; MI=0; MD=-32; IM=0; DM=-32;
MA   /M: SY='E'; M=-2,-2,-24,-2,4,-21,-5,-10,-21,4,-19,-12,0,-10,-1,4,2,-4,-15,-26,-16,1;
MA   /M: SY='F'; M=-13,-27,-23,-30,-23,21,-28,-16,7,-21,13,6,-24,-27,-23,-15,-22,-11,7,5,10,-22;
MA   /M: SY='G'; M=4,-9,-26,-9,-17,-28,56,-19,-35,-18,-29,-19,1,-18,-17,-19,6,-13,-25,-23,-28,-17;
MA   /M: SY='T'; M=-4,-4,-16,-10,-7,-14,-19,-14,-14,2,-13,-9,-1,-14,-5,9,11,26,-3,-28,-11,-7;
MA   /M: SY='G'; M=0,-10,-30,-10,-20,-30,70,-20,-40,-20,-30,-20,0,-20,-20,-20,0,-20,-30,-20,-30,-20;
MA   /M: SY='G'; M=0,-10,-30,-10,-20,-30,70,-20,-40,-20,-30,-20,0,-20,-20,-20,0,-20,-30,-20,-30,-20;
MA   /M: SY='M'; M=-10,-22,-22,-32,-22,0,-24,-5,25,-14,20,53,-20,-20,-4,-14,-20,-10,14,-20,0,-14;
MA   /M: SY='V'; M=-1,-14,-21,-17,-9,-10,-19,-14,-3,-1,-3,0,-11,-18,-7,1,-5,-1,2,-21,-6,-9;
MA   /M: SY='T'; M=7,-1,-10,-7,-7,-15,-10,-17,-14,-10,-17,-14,3,-10,-7,-11,26,34,-4,-32,-15,-7;
MA   /M: SY='K'; M=-10,0,-30,0,10,-30,-20,-10,-30,50,-30,-10,0,-10,10,30,-10,-10,-20,-20,-10,10;
MA   /M: SY='L'; M=-7,-29,-17,-32,-25,4,-32,-25,28,-27,30,17,-27,-27,-22,-22,-21,-7,24,-23,-3,-25;
MA   /M: SY='K'; M=-7,-2,-25,-2,5,-20,-19,-8,-12,6,-10,-4,-2,-14,5,5,-4,-4,-11,-25,-11,4;
MA   /M: SY='A'; M=43,-9,-11,-18,-9,-19,-1,-19,-9,-11,-12,-10,-8,-10,-9,-19,13,2,0,-23,-19,-9;
MA   /M: SY='A'; M=42,-10,-10,-19,-11,-19,3,-20,-12,-11,-12,-11,-9,-11,-11,-20,10,1,-2,-21,-20,-11;
MA   /M: SY='R'; M=-13,-1,-28,2,9,-25,-19,-3,-23,19,-17,-8,-1,-15,11,25,-7,-9,-17,-24,-11,8;
MA   /M: SY='I'; M=-12,-22,-25,-28,-19,4,-29,-16,17,-15,14,13,-16,-23,-14,-9,-18,-8,9,-15,2,-18;
MA   /M: SY='A'; M=30,-16,-1,-23,-16,-13,-10,-22,-2,-16,0,-4,-16,-18,-15,-21,0,-3,7,-24,-17,-16;
MA   /M: SY='T'; M=8,-9,-15,-16,-11,-5,-12,-14,-5,-13,-3,-1,-5,-16,-9,-13,5,10,-2,-23,-9,-10;
MA   /M: SY='R'; M=-3,2,-23,2,7,-22,-14,-3,-21,8,-18,-10,3,-13,7,12,2,-3,-16,-25,-11,5;
MA   /M: SY='A'; M=12,-5,-12,-10,-8,-17,1,-8,-17,-10,-15,-11,1,-16,-7,-10,9,-1,-11,-28,-16,-8;
MA   /M: SY='G'; M=-2,-5,-29,-6,-16,-30,58,-17,-38,-14,-30,-19,4,-19,-15,-15,0,-18,-29,-22,-28,-15;
MA   /M: SY='V'; M=-1,-20,3,-26,-21,-11,-23,-22,9,-19,-1,1,-16,-23,-16,-19,-7,-2,14,-29,-12,-20;
MA   /M: SY='P'; M=-3,-6,-27,-6,3,-22,-17,-3,-17,1,-19,-9,-5,14,2,-4,-3,-3,-18,-25,-13,0;
MA   /M: SY='M'; M=-2,-18,-14,-24,-20,-3,-22,-15,14,-14,8,20,-18,-21,-14,-14,-6,7,19,-25,-6,-17;
MA   /M: SY='I'; M=-2,-24,-18,-29,-22,5,-28,-18,18,-22,12,9,-20,-23,-18,-20,-13,-5,18,-20,-1,-21;
MA   /M: SY='I'; M=-10,-30,-26,-36,-26,4,-36,-26,38,-30,31,20,-24,-24,-20,-26,-24,-10,23,-20,0,-26;
MA   /M: SY='A'; M=22,-11,-9,-19,-14,-14,-5,-20,-7,-14,-5,-4,-10,-15,-12,-18,6,7,2,-24,-16,-13;
MA   /M: SY='N'; M=-2,13,-19,9,3,-24,-4,-1,-23,-4,-28,-19,19,-4,0,-6,15,3,-21,-36,-19,1;
MA   /M: SY='G'; M=5,-9,-27,-10,-18,-29,59,-20,-36,-18,-28,-19,-1,-19,-18,-19,2,-16,-26,-21,-28,-18;
MA   /M: SY='R'; M=-4,-1,-22,-4,3,-14,-16,-8,-20,10,-17,-11,2,-14,1,13,1,1,-14,-23,-9,1;
MA   /M: SY='N'; M=-6,6,-25,4,5,-22,-14,-3,-17,3,-17,-11,7,-12,2,4,-1,-5,-15,-28,-13,2;
MA   /I: E0=0; IE=-105; DE=-105;
CC   /SCALING_DB=window20;
CC   /AUTHOR=B_Cuche;
CC   /VERSION=1;
DO   PDOC00701;
//
