CC   -------------------------------------------------------------------------
CC        PROSITE protein domains and families database
CC        SIB Swiss Institute of Bioinformatics; Geneva, Switzerland
CC   -------------------------------------------------------------------------
CC
CC   Description: miniprofiles
CC   Name:        evaluator.dat
CC   Release:     2017_09 of 27-Sep-2017
CC   -------------------------------------------------------------------------
CC
CC   This file contains the miniprofiles used by ps_scan.pl to evaluate
CC   PROSITE pattern matches.
//
ID   AAA_MP; MATRIX.
AC   MP00674;
DT   01-APR-2007 CREATED; 01-APR-2007 DATA UPDATE; 01-APR-2007 INFO UPDATE.
DE   AAA-protein family signature.
MA   /GENERAL_SPEC: ALPHABET='ABCDEFGHIKLMNPQRSTVWYZ'; LENGTH=52;
MA   /DISJOINT: DEFINITION=PROTECT; N1=6; N2=47;
MA   /NORMALIZATION: MODE=1; FUNCTION=LINEAR; R1=5.2330637; R2=0.0150086; TEXT='-LogE';
MA   /CUT_OFF: LEVEL=0; SCORE=348; N_SCORE=10.446; MODE=1; TEXT='!';
MA   /CUT_OFF: LEVEL=-1; SCORE=85; N_SCORE=6.5; MODE=1; TEXT='?';
MA   /DEFAULT: M0=-8; D=-20; I=-20; B0=-200; B1=-200; E0=-200; E1=-200; MI=-105; MD=-105; IM=-105; DM=-105;
MA   /I: B0=0; BI=-105; BD=-105;
MA   /M: SY='L'; M=-10,-30,-20,-30,-20,10,-30,-20,20,-30,50,20,-30,-30,-20,-20,-30,-10,10,-20,0,-20;
MA   /M: SY='N'; M=-2,16,-18,4,-4,-16,-5,-1,-13,-7,-18,-11,29,-15,-3,-7,10,3,-17,-35,-17,-4;
MA   /M: SY='Q'; M=1,-1,-25,-2,13,-31,-4,-4,-22,1,-19,-9,-1,-10,24,-3,4,-3,-22,-23,-16,19;
MA   /M: SY='L'; M=-10,-27,-20,-31,-23,24,-29,-20,15,-27,32,14,-24,-28,-24,-20,-24,-9,9,-14,5,-22;
MA   /M: SY='L'; M=-10,-26,-20,-28,-19,7,-28,-17,19,-26,43,22,-26,-28,-15,-18,-27,-10,8,-21,-1,-17;
MA   /M: SY='T'; M=3,1,-13,-8,-10,-12,-13,-13,-4,-10,-12,-6,6,-16,-9,-11,13,19,1,-32,-13,-10;
MA   /M: SY='E'; M=-4,0,-26,3,24,-26,-19,-2,-18,4,-11,-7,-4,-9,23,0,-3,-8,-21,-24,-12,23;
MA   /M: SY='M'; M=-11,-25,-25,-30,-21,4,-26,-15,18,-21,24,28,-24,-24,-12,-18,-24,-10,8,-4,3,-17;
MA   /M: SY='D'; M=-19,47,-30,64,19,-39,-10,1,-38,1,-30,-28,21,-11,1,-7,0,-10,-30,-39,-20,10;
MA   /M: SY='G'; M=-1,-8,-29,-9,-16,-29,56,-17,-37,-16,-28,-18,2,-19,-14,-14,1,-15,-28,-21,-27,-16;
MA   /M: SY='V'; M=-7,-25,-19,-29,-25,19,-28,-23,18,-24,13,8,-20,-26,-26,-20,-15,-6,20,-16,3,-25;
MA   /I: I=-3; MI=0; MD=-15; IM=0; DM=-15;
MA   /M: SY='D'; M=-4,11,-17,14,13,-17,-10,-4,-18,1,-15,-13,6,-7,3,-4,4,0,-15,-23,-11,8; D=-3;
MA   /I: I=-3; DM=-15;
MA   /M: SY='S'; M=0,-1,-19,-1,3,-20,-4,-7,-18,-1,-17,-11,1,-3,3,0,5,1,-15,-23,-15,2; D=-3;
MA   /I: I=-3; DM=-15;
MA   /M: SY='N'; M=-6,5,-21,4,2,-18,-11,-2,-19,0,-14,-11,8,-16,0,5,3,0,-15,-30,-13,0; D=-3;
MA   /I: I=-3; DM=-15;
MA   /M: SY='D'; M=-8,11,-26,15,12,-26,-1,-4,-28,1,-24,-18,8,-11,3,-3,4,-3,-24,-25,-16,7; D=-3;
MA   /I: I=-3; DM=-15;
MA   /M: SY='N'; M=-6,12,-25,9,2,-26,12,-2,-27,-2,-24,-16,17,-15,1,-2,3,-8,-25,-28,-19,1; D=-3;
MA   /I: I=-3; DM=-15;
MA   /M: SY='V'; M=-5,-27,-18,-30,-26,-2,-32,-27,29,-18,11,11,-23,-25,-22,-14,-12,-2,35,-26,-7,-26;
MA   /M: SY='I'; M=-9,-26,-22,-30,-23,5,-31,-20,23,-17,18,15,-22,-25,-18,-16,-19,-8,20,-18,3,-22;
MA   /M: SY='V'; M=-3,-28,-16,-32,-28,-1,-32,-29,33,-23,12,12,-25,-26,-25,-22,-11,0,40,-27,-7,-28;
MA   /M: SY='I'; M=-11,-29,-24,-35,-25,11,-33,-22,31,-27,29,23,-24,-25,-20,-23,-23,-10,19,-17,3,-24;
MA   /M: SY='G'; M=11,-13,-7,-19,-18,-18,20,-18,-19,-16,-13,-3,-8,-19,-15,-19,-1,-9,-11,-23,-20,-16;
MA   /M: SY='A'; M=35,-9,-11,-18,-11,-17,-2,-19,-9,-10,-9,-6,-8,-11,-10,-17,10,9,-1,-22,-17,-10;
MA   /M: SY='T'; M=1,0,-10,-9,-9,-11,-18,-19,-11,-10,-12,-11,1,-10,-9,-10,22,47,-1,-31,-11,-9;
MA   /M: SY='N'; M=-8,36,-19,18,0,-20,0,8,-20,-1,-30,-20,55,-19,0,-1,13,2,-28,-40,-20,0;
MA   /M: SY='R'; M=-17,-11,-28,-14,-6,-10,-23,3,-16,11,-9,-3,-2,-21,1,34,-12,-10,-13,-19,-2,-6;
MA   /M: SY='P'; M=-7,-18,-33,-14,-3,-20,-22,-19,-8,-11,-16,-11,-17,46,-10,-17,-9,-6,-15,-27,-20,-10;
MA   /M: SY='D'; M=-13,18,-31,28,22,-28,-14,-3,-30,1,-24,-22,6,-10,7,-5,-3,-10,-28,-11,-12,15;
MA   /M: SY='V'; M=-4,-6,-21,-6,-3,-14,-21,-14,-3,-5,-2,0,-8,-16,-6,-6,-5,0,1,-27,-11,-5;
MA   /M: SY='L'; M=-9,-30,-23,-34,-24,6,-34,-24,32,-29,36,19,-26,-26,-21,-24,-25,-9,20,-21,-1,-24;
MA   /M: SY='D'; M=-20,50,-30,70,20,-40,-10,0,-40,0,-30,-30,20,-10,0,-10,0,-10,-30,-40,-20,10;
MA   /M: SY='P'; M=-2,-2,-27,3,11,-27,-14,-12,-21,0,-24,-17,-4,23,-1,-8,2,-4,-20,-30,-22,3;
MA   /M: SY='A'; M=48,-9,-10,-19,-9,-20,0,-19,-11,-10,-11,-11,-9,-10,-9,-19,12,1,-1,-21,-20,-9;
MA   /M: SY='L'; M=-7,-29,-22,-33,-23,11,-31,-23,25,-29,35,17,-26,-26,-21,-23,-24,-9,15,-18,1,-23;
MA   /M: SY='L'; M=-11,-23,-22,-26,-17,-1,-27,-15,11,-11,20,16,-20,-25,-11,3,-19,-7,9,-21,-4,-16;
MA   /M: SY='R'; M=-19,-5,-29,-3,2,-22,-18,0,-30,26,-21,-12,2,-19,9,60,-7,-9,-20,-22,-11,1;
MA   /I: I=-6; MD=-29;
MA   /M: SY='P'; M=-6,-11,-23,-6,0,-17,-12,-11,-12,-5,-17,-12,-11,49,-5,-9,-5,-5,-17,-18,-17,-6; D=-6;
MA   /I: I=-6; MI=-29; MD=-29; IM=-29; DM=-29;
MA   /M: SY='G'; M=0,-6,-18,-6,-12,-18,41,-12,-24,-12,-18,-12,0,-12,-12,-12,0,-12,-18,-12,-18,-12; D=-6;
MA   /I: I=-6; DM=-29;
MA   /M: SY='R'; M=-20,-11,-30,-11,-1,-17,-21,1,-28,28,-19,-9,-1,-21,9,65,-11,-10,-19,-17,-5,-1;
MA   /M: SY='F'; M=-9,-28,-20,-35,-26,37,-28,-20,13,-26,19,11,-22,-27,-28,-20,-19,-9,10,-7,11,-25;
MA   /M: SY='D'; M=-15,28,-29,41,19,-32,-13,-4,-29,-1,-23,-20,9,-2,1,-10,-1,-8,-24,-35,-19,10;
MA   /M: SY='R'; M=-10,-11,-25,-13,-4,-15,-23,-10,-9,14,-9,-1,-7,-18,0,22,-10,-6,-4,-21,-7,-4;
MA   /M: SY='R'; M=-10,-6,-25,-6,6,-23,-21,-1,-20,19,-16,-6,-3,-15,13,23,-7,-8,-15,-23,-9,8;
MA   /M: SY='I'; M=-8,-24,-23,-30,-20,5,-31,-21,23,-20,14,13,-20,-22,-14,-18,-16,-8,17,-18,0,-18;
MA   /M: SY='Y'; M=-14,-9,-25,-10,1,4,-25,6,-6,-8,-1,-2,-9,-20,-3,-8,-12,-8,-11,-7,21,-3;
MA   /M: SY='I'; M=-8,-30,-15,-36,-30,15,-34,-28,30,-26,13,11,-24,-26,-28,-24,-16,-6,29,-19,1,-30;
MA   /M: SY='P'; M=-5,-3,-29,1,-1,-28,10,-13,-28,-8,-30,-20,1,20,-7,-13,4,-7,-26,-30,-25,-6;
MA   /M: SY='L'; M=-10,-17,-24,-17,-11,-5,-24,-7,2,-16,15,6,-13,-10,-8,-10,-17,-9,-5,-23,-5,-10;
MA   /M: SY='P'; M=-7,-20,-27,-12,-3,-29,-20,-21,-20,-11,-28,-20,-20,76,-11,-21,-9,-10,-27,-31,-30,-11;
MA   /M: SY='D'; M=-9,28,-23,34,10,-28,-6,-4,-29,-4,-27,-23,19,-10,-2,-9,9,2,-23,-36,-19,4;
MA   /I: I=-6; MD=-29;
MA   /M: SY='D'; M=7,5,-18,8,2,-19,-10,-9,-15,-8,-14,-13,-1,-10,-5,-13,6,-1,-9,-26,-11,-2; D=-6;
MA   /I: I=-6; MI=-29; MD=-29; IM=-29; DM=-29;
MA   /M: SY='E'; M=0,2,-21,2,9,-15,-15,-4,-20,4,-16,-11,-1,-10,2,-1,1,0,-15,-22,-9,6; D=-6;
MA   /I: I=-6; DM=-29;
MA   /M: SY='A'; M=12,-3,-20,-7,6,-25,-8,-9,-18,-1,-15,-9,-3,-10,12,-3,6,3,-14,-23,-16,8;
MA   /I: E0=0; IE=-105; DE=-105;
CC   /SCALING_DB=window20;
CC   /AUTHOR=B_Cuche;
CC   /VERSION=1;
DO   PDOC00572;
//
ID   SIGMA54_INTERACT_1_MP; MATRIX.
AC   MP00675;
DT   01-APR-2007 CREATED; 01-APR-2007 DATA UPDATE; 01-APR-2007 INFO UPDATE.
DE   Sigma-54 interaction domain ATP-binding region A signature.
MA   /GENERAL_SPEC: ALPHABET='ABCDEFGHIKLMNPQRSTVWYZ'; LENGTH=43;
MA   /DISJOINT: DEFINITION=PROTECT; N1=5; N2=39;
MA   /NORMALIZATION: MODE=1; FUNCTION=LINEAR; R1=5.6411729; R2=0.0162433; TEXT='-LogE';
MA   /CUT_OFF: LEVEL=0; SCORE=239; N_SCORE=9.513; MODE=1; TEXT='!';
MA   /CUT_OFF: LEVEL=-1; SCORE=53; N_SCORE=6.5; MODE=1; TEXT='?';
MA   /DEFAULT: M0=-8; D=-20; I=-20; B0=-200; B1=-200; E0=-200; E1=-200; MI=-105; MD=-105; IM=-105; DM=-105;
MA   /I: B0=0; BI=-105; BD=-105;
MA   /M: SY='E'; M=-1,1,-22,-2,6,-16,-14,-1,-18,1,-15,-10,3,-14,6,4,2,-3,-16,-25,-11,5;
MA   /M: SY='I'; M=-2,-27,-19,-29,-23,0,-26,-24,23,-24,23,13,-25,-26,-20,-21,-17,-7,22,-23,-6,-22;
MA   /M: SY='Y'; M=-9,-21,-15,-24,-18,3,-25,-9,6,-13,9,7,-19,-25,-13,-10,-17,-9,5,-14,10,-18;
MA   /M: SY='E'; M=-9,11,-27,15,21,-28,-15,7,-26,8,-22,-15,8,-10,12,7,0,-8,-24,-29,-14,16;
MA   /M: SY='Q'; M=-10,-10,-23,-14,-5,-4,-24,-10,0,-10,1,2,-8,-19,3,-7,-8,-2,-3,-20,-4,-1;
MA   /M: SY='I'; M=11,-21,-19,-28,-21,-3,-16,-24,13,-21,7,4,-16,-19,-19,-23,-7,-4,13,-19,-8,-21;
MA   /M: SY='R'; M=-3,0,-26,1,7,-25,-11,-2,-25,15,-21,-11,0,-13,4,17,-3,-8,-18,-24,-13,4;
MA   /M: SY='R'; M=-9,-11,-24,-12,-3,-18,-22,-2,-11,9,-11,0,-6,-18,8,17,-6,-6,-6,-23,-7,0;
MA   /M: SY='V'; M=2,-25,-15,-28,-24,0,-24,-25,21,-21,13,9,-23,-25,-23,-20,-10,-3,28,-25,-8,-24;
MA   /M: SY='A'; M=36,-11,-11,-20,-11,-16,-4,-17,-6,-10,-7,-1,-10,-12,-8,-18,8,1,2,-22,-17,-10;
MA   /M: SY='R'; M=-10,-1,-28,1,6,-23,-16,-5,-19,6,-16,-7,0,0,7,10,-5,-8,-19,-26,-15,5;
MA   /M: SY='T'; M=1,-8,-15,-11,-10,-7,-9,-13,-12,-14,-11,-10,-3,-15,-9,-13,14,17,-6,-22,-8,-9;
MA   /M: SY='D'; M=-12,20,-28,28,14,-31,-10,-3,-31,4,-27,-21,12,-2,5,3,3,-6,-26,-34,-19,8;
MA   /M: SY='A'; M=10,-13,-16,-20,-15,-5,-15,-17,4,-17,2,1,-8,-18,-13,-17,2,1,6,-24,-10,-14;
MA   /M: SY='P'; M=-4,6,-22,6,-1,-22,-12,-11,-18,-8,-24,-18,8,13,-6,-12,11,12,-17,-34,-20,-5;
MA   /M: SY='V'; M=-4,-30,-16,-32,-28,2,-32,-27,31,-24,20,15,-28,-28,-26,-22,-16,-4,37,-26,-6,-28;
MA   /M: SY='L'; M=-10,-29,-20,-30,-20,9,-29,-17,20,-27,44,23,-29,-29,-18,-19,-28,-10,11,-19,2,-19;
MA   /M: SY='I'; M=-9,-30,-24,-35,-27,3,-35,-27,37,-29,29,19,-25,-25,-21,-25,-22,-9,26,-21,-1,-27;
MA   /M: SY='T'; M=-4,-9,-5,-13,-7,-14,-17,-6,-12,-7,-7,-4,-4,-19,-3,0,0,1,-8,-29,-11,-6;
MA   /M: SY='G'; M=0,-10,-30,-10,-20,-30,70,-20,-40,-20,-30,-20,0,-20,-20,-20,0,-20,-30,-20,-30,-20;
MA   /M: SY='E'; M=-11,12,-30,23,57,-31,-19,0,-30,9,-21,-20,1,-1,19,0,0,-10,-30,-30,-20,38;
MA   /M: SY='T'; M=4,1,-11,-3,-1,-16,-10,-14,-16,-9,-20,-15,5,-9,-3,-9,28,32,-7,-35,-15,-2;
MA   /M: SY='G'; M=0,-10,-30,-10,-20,-30,70,-20,-40,-20,-30,-20,0,-20,-20,-20,0,-20,-30,-20,-30,-20;
MA   /M: SY='T'; M=2,-4,-10,-11,-11,-10,-18,-20,-6,-11,-10,-9,-3,-13,-11,-11,19,37,6,-32,-12,-11;
MA   /M: SY='G'; M=0,-10,-30,-10,-20,-30,70,-20,-40,-20,-30,-20,0,-20,-20,-20,0,-20,-30,-20,-30,-20;
MA   /M: SY='K'; M=-10,0,-30,0,10,-30,-20,-10,-30,50,-30,-10,0,-10,10,30,-10,-10,-20,-20,-10,10;
MA   /M: SY='E'; M=-9,15,-28,24,42,-30,-14,-3,-30,5,-21,-21,4,-4,12,-4,3,-5,-27,-31,-20,27;
MA   /M: SY='L'; M=-8,-23,-13,-24,-14,4,-28,-20,11,-22,26,10,-23,-25,-17,-17,-18,-3,10,-23,-4,-15;
MA   /M: SY='I'; M=-9,-30,-19,-34,-27,17,-32,-25,26,-26,23,14,-26,-28,-26,-22,-20,-7,25,-18,2,-27;
MA   /M: SY='A'; M=44,-11,-11,-20,-10,-18,-2,-19,-9,-11,-7,-9,-10,-11,-10,-19,9,0,0,-21,-19,-10;
MA   /M: SY='R'; M=-14,-2,-28,-3,5,-24,-18,7,-26,23,-23,-8,5,-16,18,35,-5,-9,-22,-22,-7,9;
MA   /M: SY='A'; M=28,-12,-15,-19,-10,-15,-8,-16,-7,-7,-4,-6,-11,-14,-8,-10,3,-2,-1,-20,-13,-10;
MA   /M: SY='I'; M=-9,-29,-14,-36,-28,1,-36,-28,35,-29,23,16,-23,-25,-21,-27,-21,-9,23,-23,-3,-28;
MA   /M: SY='H'; M=-20,-2,-29,-3,-2,-13,-21,92,-28,-11,-18,0,8,-21,7,-1,-11,-19,-28,-27,21,-2;
MA   /M: SY='N'; M=-8,4,-24,2,4,-16,-12,4,-18,-1,-15,-10,7,-16,5,1,-1,-4,-19,-21,-2,3;
MA   /M: M=-6,-11,-23,-14,-5,-5,-16,-5,-11,-7,-4,-4,-7,-20,-2,-4,-10,-10,-13,-8,-1,-4;
MA   /M: SY='S'; M=9,-3,-12,-3,-3,-19,3,-12,-18,-11,-27,-18,7,-12,-3,-11,34,16,-8,-38,-20,-3;
MA   /M: SY='P'; M=-5,-4,-29,-1,3,-25,-8,-9,-23,0,-21,-15,-4,13,-3,1,-3,-8,-20,-27,-19,-2;
MA   /M: SY='R'; M=-19,-11,-24,-12,-3,-13,-21,-2,-28,23,-18,-10,-1,-21,5,59,-10,-10,-19,-20,-8,-3;
MA   /M: SY='A'; M=10,-3,-20,-6,-2,-22,-8,-11,-19,6,-18,-12,0,-13,0,10,5,-1,-11,-24,-16,-2;
MA   /M: SY='N'; M=-1,4,-24,3,2,-23,1,0,-25,2,-22,-14,6,-14,-1,-2,3,-5,-19,-27,-13,0;
MA   /M: SY='K'; M=-3,-5,-27,-7,-3,-25,4,-10,-26,13,-22,-10,1,-12,1,13,-5,-11,-20,-22,-17,-2;
MA   /M: SY='P'; M=0,-15,-31,-12,-3,-21,-16,-17,-16,-8,-20,-14,-13,47,-10,-15,-6,-7,-20,-26,-22,-9;
MA   /I: E0=0; IE=-105; DE=-105;
CC   /SCALING_DB=window20;
CC   /AUTHOR=B_Cuche;
CC   /VERSION=1;
DO   PDOC00579;
//
ID   SIGMA54_INTERACT_2_MP; MATRIX.
AC   MP00676;
DT   01-APR-2007 CREATED; 01-APR-2007 DATA UPDATE; 01-APR-2007 INFO UPDATE.
DE   Sigma-54 interaction domain ATP-binding region B signature.
MA   /GENERAL_SPEC: ALPHABET='ABCDEFGHIKLMNPQRSTVWYZ'; LENGTH=46;
MA   /DISJOINT: DEFINITION=PROTECT; N1=5; N2=42;
MA   /NORMALIZATION: MODE=1; FUNCTION=LINEAR; R1=5.4044414; R2=0.0156537; TEXT='-LogE';
MA   /CUT_OFF: LEVEL=0; SCORE=305; N_SCORE=10.169; MODE=1; TEXT='!';
MA   /CUT_OFF: LEVEL=-1; SCORE=70; N_SCORE=6.5; MODE=1; TEXT='?';
MA   /DEFAULT: M0=-9; D=-20; I=-20; B0=-200; B1=-200; E0=-200; E1=-200; MI=-105; MD=-105; IM=-105; DM=-105;
MA   /I: B0=0; BI=-105; BD=-105;
MA   /M: SY='F'; M=-20,-30,-20,-40,-30,80,-30,-20,0,-30,10,0,-20,-30,-40,-20,-20,-10,0,10,30,-30;
MA   /M: SY='G'; M=-1,-2,-29,1,0,-30,42,-15,-36,-12,-27,-20,1,-15,-10,-15,1,-16,-28,-23,-27,-5;
MA   /M: SY='H'; M=-16,-4,-23,-3,-6,-3,-23,39,-15,-12,-11,-3,-2,-22,-6,-8,-10,-12,-11,-22,14,-8;
MA   /M: SY='E'; M=-5,-7,-22,-6,8,-15,-23,-13,-2,-2,-4,-1,-10,-15,-3,-7,-7,-6,2,-27,-12,2;
MA   /M: SY='K'; M=-8,1,-27,1,9,-23,-6,-8,-28,19,-25,-14,3,-9,3,14,-2,-8,-22,-24,-15,6;
MA   /M: SY='G'; M=-2,-2,-28,-4,-11,-28,49,-14,-35,-15,-30,-20,9,-16,-14,-16,4,-14,-29,-25,-27,-13;
MA   /M: SY='A'; M=29,-9,-14,-15,-10,-17,-8,-19,-3,-13,-7,-7,-9,-13,-11,-19,7,0,3,-24,-16,-11;
MA   /M: SY='F'; M=-18,-26,-23,-31,-21,51,-28,-15,-2,-22,8,0,-19,-21,-28,-13,-19,-10,-4,2,22,-22;
MA   /M: SY='T'; M=0,0,-12,-8,-7,-13,-14,-18,-13,-10,-13,-12,1,-10,-8,-10,20,41,-4,-30,-12,-8;
MA   /M: SY='G'; M=-6,-2,-30,0,-12,-30,46,-9,-38,-11,-28,-19,3,-19,-13,-8,-2,-18,-29,-23,-24,-13;
MA   /M: SY='A'; M=31,-5,-14,-12,-6,-18,-6,-16,-9,-10,-6,-8,-6,-13,-9,-17,4,-2,-2,-23,-17,-8;
MA   /I: I=-6; MD=-32;
MA   /M: M=-2,-8,-13,-9,-8,-12,-9,-11,-5,-6,-7,-3,-6,-9,-5,-7,-2,-2,-2,-19,-8,-8; D=-6;
MA   /I: I=-6; MI=-32; IM=-32; DM=-32;
MA   /M: SY='E'; M=-7,-1,-25,0,15,-21,-14,-6,-21,5,-13,-11,-1,-9,6,8,-2,-3,-18,-26,-15,10;
MA   /I: I=-6; MD=-29;
MA   /M: SY='N'; M=-4,8,-22,7,7,-24,-6,-1,-20,1,-18,-11,10,-13,9,3,3,-5,-19,-27,-15,7; D=-6;
MA   /I: I=-6; MI=0; MD=-29; IM=0; DM=-29;
MA   /M: SY='R'; M=-8,-7,-25,-8,0,-22,-18,6,-27,22,-21,-9,0,-17,7,38,-6,-8,-18,-22,-8,1;
MA   /M: SY='E'; M=-3,-4,-25,-2,4,-21,-18,-11,-14,3,-9,-7,-6,-6,2,0,-5,-5,-12,-25,-13,2;
MA   /M: SY='G'; M=1,-9,-28,-9,-18,-29,62,-19,-38,-19,-30,-20,1,-19,-18,-19,5,-15,-28,-22,-29,-18;
MA   /M: SY='R'; M=-12,-10,-22,-9,-7,-6,-22,-7,-13,2,0,-4,-9,-22,-5,17,-14,-9,-10,-17,0,-8;
MA   /M: SY='F'; M=-11,-29,-19,-36,-28,38,-31,-23,16,-28,18,8,-23,-28,-31,-21,-19,-8,15,-8,11,-28;
MA   /M: SY='E'; M=-10,7,-29,14,48,-31,-20,2,-27,10,-20,-15,0,-3,27,3,0,-9,-28,-28,-18,37;
MA   /M: SY='Q'; M=-4,-9,-25,-9,8,-19,-20,-4,-12,1,-4,-3,-8,-12,11,7,-7,-8,-13,-23,-11,8;
MA   /M: SY='A'; M=49,-10,-10,-19,-10,-20,0,-20,-10,-10,-11,-10,-9,-10,-10,-20,11,1,0,-21,-20,-10;
MA   /M: SY='N'; M=-11,27,-25,24,9,-28,-9,19,-26,-1,-26,-16,29,-15,10,-2,4,-6,-28,-35,-13,9;
MA   /M: SY='G'; M=-2,-5,-29,-6,-13,-29,51,-16,-37,-9,-29,-19,4,-18,-14,-12,0,-16,-28,-22,-26,-13;
MA   /M: SY='G'; M=0,-10,-30,-10,-20,-30,70,-20,-40,-20,-30,-20,0,-20,-20,-20,0,-20,-30,-20,-30,-20;
MA   /M: SY='T'; M=-1,-6,-14,-15,-13,-9,-22,-20,0,-14,-6,-4,-3,-12,-11,-14,14,35,5,-29,-9,-13;
MA   /M: SY='L'; M=-8,-30,-20,-31,-23,7,-31,-23,26,-28,40,18,-29,-29,-22,-21,-25,-8,19,-22,-2,-23;
MA   /M: SY='F'; M=-19,-29,-21,-38,-28,68,-30,-18,3,-29,14,3,-21,-30,-36,-19,-21,-10,1,7,29,-28;
MA   /M: SY='L'; M=-10,-30,-21,-31,-21,8,-31,-20,23,-29,45,22,-28,-28,-19,-21,-28,-10,12,-20,0,-21;
MA   /M: SY='D'; M=-19,45,-30,64,25,-39,-11,0,-39,1,-29,-29,18,-9,2,-9,0,-10,-30,-39,-20,14;
MA   /M: SY='E'; M=-10,9,-30,18,54,-30,-20,-1,-30,15,-21,-19,0,-1,19,4,-1,-10,-29,-29,-19,36;
MA   /M: SY='I'; M=-9,-30,-27,-38,-30,0,-38,-30,46,-29,20,19,-22,-22,-21,-28,-19,-9,32,-21,-1,-30;
MA   /M: SY='G'; M=-3,5,-24,8,1,-29,24,-8,-32,-11,-25,-19,4,-15,-8,-15,0,-13,-25,-27,-23,-4;
MA   /M: SY='E'; M=-12,12,-27,20,25,-23,-17,-1,-27,8,-21,-18,3,-9,7,1,1,-4,-23,-24,-6,15;
MA   /M: SY='M'; M=-9,-25,-21,-31,-21,5,-27,-14,23,-21,29,33,-23,-23,-12,-17,-21,-8,13,-20,0,-17;
MA   /M: SY='P'; M=8,-8,-24,-6,-3,-25,-8,-17,-18,-10,-24,-17,-7,32,-8,-17,7,2,-17,-30,-24,-7;
MA   /M: SY='P'; M=-7,-21,-26,-19,-9,-12,-22,-15,-3,-9,4,2,-19,8,-8,-2,-15,-9,-6,-24,-13,-11;
MA   /M: SY='E'; M=-2,2,-22,3,13,-21,-14,-6,-16,0,-14,-5,-1,-7,4,-1,3,-1,-14,-29,-15,8;
MA   /M: SY='L'; M=-4,-20,-18,-24,-16,5,-19,-17,8,-21,18,12,-18,-22,-15,-17,-11,-1,6,-21,-4,-15;
MA   /M: SY='Q'; M=-10,1,-30,2,24,-39,-20,9,-21,10,-20,-2,0,-9,56,9,0,-10,-30,-21,-11,40;
MA   /M: SY='A'; M=20,-1,-14,-8,-5,-18,-7,-14,-10,-8,-15,-12,3,-10,-7,-13,12,6,-3,-29,-18,-6;
MA   /M: SY='K'; M=-5,-4,-26,-7,2,-24,-17,-8,-24,31,-21,-6,-2,-13,6,30,-7,-7,-15,-21,-11,3;
MA   /M: SY='L'; M=-7,-26,-18,-27,-18,6,-26,-19,16,-27,39,16,-25,-28,-18,-19,-21,-6,9,-23,-3,-18;
MA   /M: SY='L'; M=-10,-30,-21,-32,-22,11,-31,-21,23,-30,44,19,-28,-29,-21,-21,-28,-10,13,-19,1,-22;
MA   /M: SY='R'; M=-16,-8,-28,-9,1,-20,-20,0,-25,22,-18,-8,-1,-18,13,50,-6,-3,-19,-19,-6,3;
MA   /M: SY='V'; M=1,-25,-14,-28,-24,7,-25,-24,14,-15,4,4,-22,-26,-24,-10,-8,-1,27,-22,-5,-24;
MA   /I: E0=0; IE=-105; DE=-105;
CC   /SCALING_DB=window20;
CC   /AUTHOR=B_Cuche;
CC   /VERSION=1;
DO   PDOC00579;
//
ID   DAO_MP; MATRIX.
AC   MP00677;
DT   01-APR-2007 CREATED; 01-APR-2007 DATA UPDATE; 01-APR-2007 INFO UPDATE.
DE   D-amino acid oxidases signature.
MA   /GENERAL_SPEC: ALPHABET='ABCDEFGHIKLMNPQRSTVWYZ'; LENGTH=53;
MA   /DISJOINT: DEFINITION=PROTECT; N1=6; N2=48;
MA   /NORMALIZATION: MODE=1; FUNCTION=LINEAR; R1=4.9609065; R2=0.0133715; TEXT='-LogE';
MA   /CUT_OFF: LEVEL=0; SCORE=841; N_SCORE=16.196; MODE=1; TEXT='!';
MA   /CUT_OFF: LEVEL=-1; SCORE=116; N_SCORE=6.5; MODE=1; TEXT='?';
MA   /DEFAULT: M0=-9; D=-20; I=-20; B0=-200; B1=-200; E0=-200; E1=-200; MI=-105; MD=-105; IM=-105; DM=-105;
MA   /I: B0=0; BI=-105; BD=-105;
MA   /M: SY='L'; M=-10,-30,-20,-30,-20,10,-30,-20,20,-30,50,20,-30,-30,-20,-20,-30,-10,10,-20,0,-20;
MA   /M: SY='G'; M=0,-10,-30,-10,-20,-30,70,-20,-40,-20,-30,-20,0,-20,-20,-20,0,-20,-30,-20,-30,-20;
MA   /M: SY='R'; M=-20,-10,-30,-10,0,-20,-20,0,-30,30,-20,-10,0,-20,10,70,-10,-10,-20,-20,-10,0;
MA   /M: SY='G'; M=-6,8,-30,14,-8,-33,46,-14,-40,-14,-30,-23,6,-17,-14,-17,0,-17,-30,-26,-27,-11;
MA   /M: SY='G'; M=3,-7,-23,-7,-13,-27,46,-17,-33,-17,-30,-20,3,-17,-13,-17,14,-6,-23,-27,-27,-13;
MA   /M: SY='P'; M=14,-20,-21,-19,-12,-18,-16,-23,-2,-13,-11,-8,-20,20,-16,-20,-3,-4,4,-27,-21,-16;
MA   /M: SY='R'; M=-19,-7,-30,-6,8,-21,-20,0,-30,27,-20,-11,0,-17,11,61,-9,-10,-21,-21,-11,5;
MA   /M: SY='L'; M=8,-25,-16,-29,-21,-1,-24,-24,18,-22,21,10,-24,-24,-20,-21,-14,-5,20,-23,-8,-21;
MA   /M: SY='E'; M=-2,3,-27,6,33,-31,-17,-1,-25,13,-20,-12,-1,-5,26,4,0,-9,-25,-25,-16,29;
MA   /M: SY='K'; M=-9,-3,-27,-3,10,-23,-21,-11,-22,30,-16,-7,-4,-12,5,17,-9,-5,-15,-22,-10,8;
MA   /M: SY='E'; M=-11,5,-30,11,41,-30,-20,0,-29,18,-21,-15,0,-5,22,14,-3,-10,-27,-26,-16,31;
MA   /M: SY='K'; M=-9,-11,-26,-14,-4,-17,-26,-14,-3,9,-4,2,-9,-15,4,3,-10,-3,-4,-21,-6,-1;
MA   /I: I=-4; MD=-21;
MA   /M: SY='L'; M=-8,-20,-19,-21,-14,0,-23,-15,11,-16,21,9,-16,-21,-11,-7,-14,-5,5,-20,-4,-14; D=-4;
MA   /I: I=-4; MD=-21;
MA   /M: SY='H'; M=4,-6,-11,-7,0,-10,-11,5,-4,-6,-5,-2,-6,-10,-4,-7,-2,-4,2,-17,-5,-3; D=-4;
MA   /I: I=-4; MD=-21;
MA   /M: SY='R'; M=-7,-7,-15,-10,-6,0,-3,-7,-12,-2,-8,-5,-3,-12,-3,5,-2,0,-9,-9,-3,-5; D=-4;
MA   /I: I=-4; MI=0; MD=-21; IM=0; DM=-21;
MA   /M: SY='S'; M=0,2,-18,6,2,-23,0,-8,-21,-7,-25,-17,4,4,2,-9,17,4,-17,-30,-19,1; D=-4;
MA   /I: I=-4; DM=-21;
MA   /M: SY='K'; M=-6,3,-23,6,5,-26,-1,-5,-26,12,-24,-12,4,-11,10,9,3,-6,-20,-23,-14,7; D=-4;
MA   /I: I=-4; DM=-21;
MA   /M: SY='E'; M=-8,3,-23,7,13,-23,-17,-8,-20,8,-19,-14,0,-12,3,9,3,0,-11,-30,-15,7;
MA   /M: SY='L'; M=-7,-23,-19,-25,-23,10,-15,-18,6,-21,11,4,-20,-26,-23,-18,-12,-2,11,-14,5,-23;
MA   /M: SY='P'; M=-10,-14,-27,-16,-4,-2,-21,-16,-11,-11,-11,-5,-14,9,-10,-13,-7,3,-14,-3,-5,-7;
MA   /M: SY='V'; M=-2,-30,-14,-31,-29,1,-31,-29,31,-22,16,12,-29,-29,-28,-21,-14,-2,43,-28,-8,-29;
MA   /M: SY='V'; M=-1,-30,-13,-31,-30,0,-31,-30,33,-21,11,11,-29,-29,-29,-21,-11,-1,47,-29,-9,-30;
MA   /M: SY='H'; M=-20,0,-30,0,0,-20,-20,100,-30,-10,-20,0,10,-20,10,0,-10,-20,-30,-30,20,0;
MA   /M: SY='N'; M=-5,22,-21,9,-1,-20,-6,31,-21,-4,-25,-13,37,-19,1,-3,4,-6,-26,-35,-9,-1;
MA   /M: SY='Y'; M=-20,-20,-30,-20,-20,30,-30,20,0,-10,0,0,-20,-30,-10,-10,-20,-10,-10,30,80,-20;
MA   /M: SY='G'; M=0,-10,-30,-10,-20,-30,70,-20,-40,-20,-30,-20,0,-20,-20,-20,0,-20,-30,-20,-30,-20;
MA   /M: SY='H'; M=-10,-5,-26,-8,-5,-7,-19,68,-23,-13,-15,-1,3,-20,1,-5,-9,-16,-22,-23,16,-5;
MA   /M: SY='G'; M=10,-6,-20,-8,-11,-25,35,-16,-29,-15,-27,-19,2,-15,-11,-16,16,-3,-19,-27,-25,-11;
MA   /M: SY='G'; M=5,-5,-20,-5,-10,-25,36,-15,-30,-15,-30,-20,5,-15,-10,-15,19,-1,-20,-30,-25,-10;
MA   /M: SY='G'; M=6,-3,-24,-10,-14,-12,10,-8,-19,-11,-19,-14,4,-20,-11,-14,-2,-10,-19,2,-2,-13;
MA   /M: SY='G'; M=0,-10,-30,-10,-20,-30,70,-20,-40,-20,-30,-20,0,-20,-20,-20,0,-20,-30,-20,-30,-20;
MA   /M: SY='Y'; M=-16,-26,-26,-31,-25,32,-32,-7,15,-22,14,8,-21,-28,-21,-19,-21,-10,5,6,38,-25;
MA   /M: SY='Q'; M=2,-1,-18,-5,3,-24,-15,-7,-15,-2,-17,-8,1,-10,18,-3,15,18,-13,-27,-12,11;
MA   /M: SY='M'; M=-5,-19,-21,-21,-15,-9,-14,-16,8,-18,8,9,-15,-21,-7,-15,-8,-5,7,-24,-9,-12;
MA   /M: SY='H'; M=-4,-2,-22,-2,-5,-22,9,29,-29,-12,-26,-12,8,-16,-1,-9,11,-5,-22,-31,-7,-5;
MA   /M: SY='W'; M=-20,-33,-43,-33,-26,17,-24,-12,-13,-16,-13,-13,-33,-30,-16,-16,-33,-23,-23,106,48,-20;
MA   /M: SY='G'; M=0,-10,-30,-10,-20,-30,70,-20,-40,-20,-30,-20,0,-20,-20,-20,0,-20,-30,-20,-30,-20;
MA   /M: SY='C'; M=5,-9,22,-17,-15,-14,-16,-18,-13,-15,-12,-5,-7,-19,-12,-16,9,14,-3,-34,-17,-13;
MA   /M: SY='A'; M=50,-10,-10,-20,-10,-20,0,-20,-10,-10,-10,-10,-10,-10,-10,-20,10,0,0,-20,-20,-10;
MA   /M: SY='L'; M=-10,-8,-24,-5,3,-10,-25,-12,4,-12,9,8,-13,-17,-6,-14,-14,-9,2,-26,-9,-2;
MA   /M: SY='E'; M=-13,17,-29,24,41,-29,-16,13,-30,5,-22,-19,11,-6,14,-1,0,-10,-30,-32,-15,27;
MA   /M: SY='A'; M=38,-15,-10,-22,-15,-15,-7,-22,0,-12,-5,-5,-15,-15,-15,-20,5,0,12,-22,-18,-15;
MA   /M: SY='A'; M=24,-12,-10,-20,-15,-12,-13,-22,0,-12,-5,-5,-12,-15,-15,-17,8,14,12,-25,-15,-15;
MA   /M: SY='R'; M=-11,3,-26,1,6,-26,-14,13,-25,13,-24,-9,11,-15,19,21,2,-6,-24,-27,-9,11;
MA   /M: SY='L'; M=-11,-29,-23,-30,-21,12,-31,-16,21,-27,40,17,-27,-29,-19,-20,-27,-10,10,-13,11,-21;
MA   /M: SY='V'; M=-3,-30,-11,-31,-30,11,-30,-29,26,-21,10,9,-29,-30,-31,-20,-11,-1,43,-24,-4,-30;
MA   /M: SY='D'; M=-9,10,-26,14,8,-24,-3,-6,-23,-1,-15,-10,6,-14,-1,-6,-2,-8,-19,-29,-16,3;
MA   /M: SY='E'; M=-11,8,-28,13,26,-27,-19,-5,-29,19,-23,-16,2,-8,10,15,-2,-3,-22,-27,-15,17;
MA   /M: SY='C'; M=14,-20,17,-28,-21,-11,-20,-25,2,-21,1,-2,-18,-23,-20,-24,-6,-5,9,-28,-16,-21;
MA   /M: SY='L'; M=-9,-27,-23,-27,-21,8,-18,-22,10,-25,17,6,-23,-14,-23,-21,-19,-10,7,-19,-5,-22;
MA   /M: SY='Q'; M=-9,-3,-26,-3,8,-23,-10,9,-20,0,-13,-5,-2,-14,12,-1,-4,-4,-20,-24,-8,9;
MA   /I: I=-6; MD=-32;
MA   /M: SY='R'; M=0,0,-19,2,6,-19,-13,-8,-17,5,-14,-11,-2,-12,0,11,0,-2,-9,-23,-13,2; D=-6;
MA   /I: I=-6; MI=-32; IM=-32; DM=-32;
MA   /M: SY='L'; M=3,-18,-23,-19,-11,-6,-20,-13,-2,-8,7,1,-18,-6,-11,-12,-14,-8,-5,-15,0,-12;
MA   /I: E0=0; IE=-105; DE=-105;
CC   /SCALING_DB=window20;
CC   /AUTHOR=B_Cuche;
CC   /VERSION=1;
DO   PDOC00573;
//
ID   WD_REPEATS_1_MP; MATRIX.
AC   MP00678;
DT   01-JUL-2007 CREATED; 01-JUL-2007 DATA UPDATE; 01-JUL-2007 INFO UPDATE.
DE   Trp-Asp (WD) repeats signature.
MA   /GENERAL_SPEC: ALPHABET='ABCDEFGHIKLMNPQRSTVWYZ'; TOPOLOGY=CIRCULAR; LENGTH=42;
MA   /DISJOINT: DEFINITION=PROTECT; N1=5; N2=38;
MA   /NORMALIZATION: MODE=1; FUNCTION=LINEAR; R1=2.6920; R2=0.02636350; TEXT='-LogE';
MA   /CUT_OFF: LEVEL=0; SCORE=199; N_SCORE=7.933; MODE=1; TEXT='!';
MA   /CUT_OFF: LEVEL=-1; SCORE=144; N_SCORE=6.5; MODE=1; TEXT='?';
MA   /DEFAULT: D=-20; I=-20; B1=-100; E1=-100; MI=-105; MD=-105; IM=-105; DM=-105; M0=-10;
MA   /I: B1=0; E1=0; IM=-10; MI=-10; I=-8;
MA   /M: SY='L'; M=-9,-18,-20,-21,-14,6,-23,-12,4,-18,10,4,-15,-20,-14,-14,-14,-6,1,-16,3,-15;
MA   /M: M=-5,-2,-21,-2,0,-17,-13,-6,-16,-1,-15,-9,0,-11,0,-1,0,-1,-13,-25,-10,-1;
MA   /M: SY='G'; M=2,-5,-22,-6,-7,-22,18,-12,-24,-10,-20,-13,-1,-14,-9,-12,2,-7,-17,-24,-19,-9;
MA   /M: SY='H'; M=-14,0,-27,0,0,-19,-16,57,-25,-7,-19,-5,6,-15,5,-2,-6,-13,-24,-27,8,-1;
MA   /M: SY='S'; M=-4,1,-21,0,3,-20,-11,-8,-18,0,-17,-11,2,-9,1,-1,4,3,-14,-28,-13,1;
MA   /M: SY='B'; M=-2,4,-21,4,1,-22,-1,-6,-22,-3,-20,-13,4,-13,-1,-6,3,-4,-17,-27,-15,-1;
MA   /M: M=-2,-7,-23,-7,-3,-16,-9,-11,-16,-6,-17,-12,-5,-5,-5,-7,-1,-3,-14,-17,-11,-5;
MA   /M: SY='V'; M=-3,-26,-12,-30,-26,-1,-29,-26,25,-21,11,9,-23,-25,-23,-21,-12,-3,30,-26,-7,-26;
MA   /M: SY='T'; M=-7,-5,-17,-10,-9,-7,-16,-8,-11,-7,-10,-7,0,-19,-7,-4,-1,4,-9,-16,-4,-8;
MA   /M: SY='S'; M=2,-2,0,-4,-6,-19,-7,-12,-20,-10,-19,-14,-1,-17,-7,-11,8,2,-11,-31,-17,-7;
MA   /M: SY='V'; M=-3,-25,-10,-29,-23,2,-27,-23,18,-23,17,11,-23,-26,-21,-20,-14,-5,20,-24,-6,-23;
MA   /M: SY='A'; M=5,-1,-15,-3,-2,-20,-11,-10,-17,-2,-16,-11,-2,-14,-2,-4,4,-1,-10,-25,-14,-2;
MA   /M: SY='F'; M=-12,-26,-24,-31,-24,25,-24,-19,0,-22,1,-2,-22,-25,-23,-18,-19,-11,-3,25,16,-22;
MA   /M: SY='S'; M=-2,3,-16,1,-3,-17,-9,3,-17,-8,-18,-12,8,-15,-3,-8,9,2,-14,-31,-11,-3;
MA   /M: SY='P'; M=-6,-6,-28,-3,1,-23,-12,-8,-20,-4,-22,-15,-5,24,-3,-8,-2,-6,-21,-27,-18,-3;
MA   /M: SY='D'; M=-8,14,-22,16,4,-21,-10,-2,-22,-3,-20,-16,10,-12,-2,-6,3,-1,-18,-30,-13,1;
MA   /I: I=-12; MI=-15; MD=-25; IM=-15; DM=-25;
MA   /M: SY='G'; M=-2,-1,-19,-1,-3,-19,13,-8,-20,-7,-18,-12,2,-8,-5,-8,2,-6,-16,-21,-15,-4; D=-5;
MA   /I: DM=-25;
MA   /M: SY='N'; M=-6,1,-20,-1,0,-17,-9,-4,-17,0,-16,-10,4,-8,1,1,1,-2,-15,-22,-10,0; D=-5;
MA   /I: DM=-25;
MA   /M: SY='Y'; M=-9,-15,-21,-18,-13,1,-23,-7,0,-10,3,2,-12,-22,-9,-6,-12,-5,-1,-11,6,-12; D=-5;
MA   /I: DM=-25;
MA   /M: SY='L'; M=-8,-27,-18,-31,-23,13,-29,-21,19,-25,23,13,-23,-26,-22,-20,-19,-7,15,-16,2,-23;
MA   /M: SY='V'; M=8,-21,-13,-27,-21,0,-19,-21,10,-20,8,4,-19,-22,-19,-20,-8,-3,14,-19,-6,-20;
MA   /M: SY='T'; M=8,-6,-8,-10,-9,-13,-9,-15,-11,-12,-15,-11,-1,-13,-9,-13,20,21,-1,-32,-15,-9;
MA   /M: SY='G'; M=10,-10,-9,-14,-16,-21,22,-20,-22,-16,-19,-14,-5,-18,-16,-18,6,-5,-11,-26,-23,-16;
MA   /M: SY='S'; M=5,-3,-13,-5,-8,-19,11,-12,-23,-13,-23,-16,2,-15,-8,-14,16,3,-14,-29,-17,-8;
MA   /M: M=-4,-2,-21,-2,-1,-16,-10,-7,-17,-4,-14,-9,-2,-14,-3,-4,-1,-4,-14,-18,-8,-2;
MA   /M: SY='D'; M=-16,39,-28,52,16,-35,-8,0,-35,0,-28,-26,19,-11,1,-8,2,-7,-27,-37,-19,9;
MA   /M: SY='G'; M=-5,-1,-22,-4,-6,-22,11,-5,-27,-1,-23,-13,6,-16,-4,1,1,-8,-22,-24,-16,-6;
MA   /M: SY='T'; M=-3,-2,-17,-6,-4,-14,-16,-8,-11,-4,-12,-7,0,-15,-2,-4,6,11,-7,-27,-9,-3;
MA   /M: SY='I'; M=-2,-27,-14,-32,-25,0,-30,-26,27,-24,17,12,-23,-24,-22,-23,-15,-5,26,-23,-6,-25;
MA   /M: SY='R'; M=-10,-7,-23,-10,-3,-15,-19,-5,-16,13,-14,-5,-3,-17,2,18,-7,-6,-12,-20,-5,-2;
MA   /M: SY='I'; M=-7,-27,-18,-31,-24,6,-30,-22,23,-24,19,13,-23,-26,-21,-20,-17,-6,22,-20,-1,-24;
MA   /M: SY='W'; M=-19,-35,-42,-36,-28,17,-22,-21,-13,-20,-12,-14,-34,-29,-20,-18,-33,-24,-22,109,32,-21;
MA   /M: SY='D'; M=-11,26,-24,32,12,-29,-9,-1,-29,2,-26,-21,16,-11,3,-3,4,-4,-24,-34,-17,7;
MA   /M: SY='L'; M=-5,-20,-19,-24,-18,0,-23,-18,9,-18,10,6,-18,-18,-16,-16,-12,-3,8,-17,-3,-17;
MA   /M: SY='R'; M=-6,1,-23,1,4,-20,-13,-5,-19,3,-17,-11,2,-9,3,5,1,-2,-15,-26,-13,2;
MA   /M: SY='S'; M=-3,3,-19,0,0,-18,-10,-8,-18,-2,-18,-12,5,-11,-1,-3,8,8,-13,-28,-13,-1;
MA   /M: SY='G'; M=-4,-4,-23,-5,-5,-19,4,-10,-20,-7,-17,-10,-1,-11,-6,-7,-1,-7,-17,-23,-15,-6;
MA   /M: SY='E'; M=-5,1,-22,0,6,-21,-13,-6,-19,4,-18,-11,1,-10,4,3,1,-2,-16,-25,-12,4;
MA   /M: M=-6,-9,-10,-11,-5,-14,-18,-11,-11,-7,-9,-6,-8,-11,-6,-6,-6,-4,-9,-25,-11,-6;
MA   /M: SY='V'; M=-5,-13,-20,-15,-9,-9,-21,-15,2,-11,1,1,-11,-14,-9,-10,-7,-2,3,-24,-9,-10;
MA   /M: M=-6,-8,-21,-9,-5,-13,-15,-3,-12,-3,-10,-4,-5,-15,-2,-1,-5,-5,-10,-20,-5,-4;
MA   /M: SY='T'; M=-4,-6,-18,-8,-4,-13,-17,-11,-9,-5,-10,-6,-4,-13,-4,-5,2,5,-4,-26,-10,-5;
CC   /SCALING_DB=reversed;
CC   /AUTHOR=K_Hofmann, B_Cuche;
CC   /VERSION=1;
DO   PDOC00574;
//
ID   GLUTAMATE_5_KINASE_MP; MATRIX.
AC   MP00902;
DT   01-APR-2007 CREATED; 01-APR-2007 DATA UPDATE; 01-APR-2007 INFO UPDATE.
DE   Glutamate 5-kinase signature.
MA   /GENERAL_SPEC: ALPHABET='ABCDEFGHIKLMNPQRSTVWYZ'; LENGTH=49;
MA   /DISJOINT: DEFINITION=PROTECT; N1=5; N2=45;
MA   /NORMALIZATION: MODE=1; FUNCTION=LINEAR; R1=5.9205489; R2=0.0170283; TEXT='-LogE';
MA   /CUT_OFF: LEVEL=0; SCORE=129; N_SCORE=8.107; MODE=1; TEXT='!';
MA   /CUT_OFF: LEVEL=-1; SCORE=35; N_SCORE=6.5; MODE=1; TEXT='?';
MA   /DEFAULT: M0=-9; D=-20; I=-20; B0=-200; B1=-200; E0=-200; E1=-200; MI=-105; MD=-105; IM=-105; DM=-105;
MA   /I: B0=0; BI=-105; BD=-105;
MA   /M: SY='V'; M=-3,-30,-13,-30,-27,3,-30,-27,27,-23,21,13,-30,-30,-27,-20,-16,-3,39,-27,-7,-27;
MA   /I: I=-6; MD=-32;
MA   /M: M=-6,-6,-21,-7,-3,-10,-18,-5,-4,-9,-10,-6,-4,-8,-7,-10,0,0,-2,-24,-5,-7; D=-6;
MA   /I: I=-6; MI=-32; IM=-32; DM=-32;
MA   /M: SY='E'; M=-8,5,-24,6,11,-21,-16,2,-21,2,-19,-13,5,-8,4,3,2,-1,-17,-28,-11,6;
MA   /M: SY='E'; M=-1,-4,-21,-5,2,-16,-12,-7,-13,-1,-13,-9,-3,-15,-2,-2,1,-3,-7,-26,-11,-1;
MA   /I: I=-5; MD=-27;
MA   /M: SY='I'; M=-7,-13,-25,-16,-10,-8,-21,-17,9,-15,-1,1,-9,-11,-11,-17,-6,-4,4,-24,-8,-13; D=-5;
MA   /I: I=-5; MD=-27;
MA   /M: SY='T'; M=-2,7,-20,7,3,-21,-13,-12,-18,-1,-17,-14,3,-6,-4,-7,7,12,-12,-30,-15,-1; D=-5;
MA   /I: I=-5; MD=-27;
MA   /M: SY='P'; M=-10,3,-29,9,11,-25,-15,-5,-20,-2,-19,-14,-2,13,1,-7,-4,-7,-21,-29,-17,4; D=-5;
MA   /I: I=-5; MI=-27; IM=-27; DM=-27;
MA   /M: SY='E'; M=-5,3,-24,6,15,-20,-15,-4,-17,-2,-11,-9,-2,-12,6,-6,-2,-5,-15,-27,-12,10;
MA   /M: SY='I'; M=-7,-14,-24,-18,-15,-6,-23,-18,14,-18,8,6,-11,-20,-12,-17,-12,-6,7,-21,-5,-15;
MA   /M: SY='E'; M=-7,-3,-26,0,13,-17,-12,-8,-17,-1,-8,-8,-5,-14,2,-4,-7,-10,-16,-23,-12,7;
MA   /M: SY='A'; M=9,-8,-19,-12,-5,-14,-13,-12,-6,-4,-8,-5,-7,-16,-5,-7,0,-3,-2,-22,-9,-6;
MA   /M: SY='M'; M=-2,-15,-16,-22,-16,-6,-19,-11,9,-13,5,16,-12,-20,-8,-13,-6,0,8,-23,-5,-13;
MA   /M: SY='A'; M=26,-7,-13,-14,-7,-14,-2,-16,-14,-9,-12,-10,-7,-13,-7,-13,6,-1,-6,-20,-15,-7;
MA   /I: I=-4; MI=0; MD=-23; IM=0; DM=-23;
MA   /M: SY='G'; M=-1,-5,-16,-6,-10,-15,25,-7,-18,-10,-15,-8,0,-12,-9,-9,1,-7,-13,-15,-14,-10; D=-4;
MA   /I: I=-4; DM=-23;
MA   /M: SY='G'; M=-1,4,-25,4,-7,-28,32,-12,-31,-11,-27,-19,7,-14,-10,-13,5,-10,-24,-27,-24,-8; D=-4;
MA   /I: I=-4; DM=-23;
MA   /M: SY='S'; M=8,0,-20,0,2,-23,-6,-12,-19,-5,-20,-16,-2,5,-3,-10,9,4,-14,-27,-18,-1; D=-4;
MA   /I: I=-4; DM=-23;
MA   /M: SY='G'; M=0,-4,-24,-7,-9,-25,24,-11,-26,-5,-24,-14,3,-15,-9,-8,1,-9,-19,-24,-20,-9; D=-4;
MA   /I: I=-4; DM=-23;
MA   /M: SY='S'; M=4,4,-15,1,-4,-21,8,-10,-22,-10,-27,-19,14,-13,-5,-10,26,15,-15,-35,-20,-4;
MA   /I: I=-6; MI=0; MD=-32; IM=0; DM=-32;
MA   /M: SY='E'; M=-2,-2,-24,-2,4,-21,-5,-10,-21,4,-19,-12,0,-10,-1,4,2,-4,-15,-26,-16,1;
MA   /M: SY='F'; M=-13,-27,-23,-30,-23,21,-28,-16,7,-21,13,6,-24,-27,-23,-15,-22,-11,7,5,10,-22;
MA   /M: SY='G'; M=4,-9,-26,-9,-17,-28,56,-19,-35,-18,-29,-19,1,-18,-17,-19,6,-13,-25,-23,-28,-17;
MA   /M: SY='T'; M=-4,-4,-16,-10,-7,-14,-19,-14,-14,2,-13,-9,-1,-14,-5,9,11,26,-3,-28,-11,-7;
MA   /M: SY='G'; M=0,-10,-30,-10,-20,-30,70,-20,-40,-20,-30,-20,0,-20,-20,-20,0,-20,-30,-20,-30,-20;
MA   /M: SY='G'; M=0,-10,-30,-10,-20,-30,70,-20,-40,-20,-30,-20,0,-20,-20,-20,0,-20,-30,-20,-30,-20;
MA   /M: SY='M'; M=-10,-22,-22,-32,-22,0,-24,-5,25,-14,20,53,-20,-20,-4,-14,-20,-10,14,-20,0,-14;
MA   /M: SY='V'; M=-1,-14,-21,-17,-9,-10,-19,-14,-3,-1,-3,0,-11,-18,-7,1,-5,-1,2,-21,-6,-9;
MA   /M: SY='T'; M=7,-1,-10,-7,-7,-15,-10,-17,-14,-10,-17,-14,3,-10,-7,-11,26,34,-4,-32,-15,-7;
MA   /M: SY='K'; M=-10,0,-30,0,10,-30,-20,-10,-30,50,-30,-10,0,-10,10,30,-10,-10,-20,-20,-10,10;
MA   /M: SY='L'; M=-7,-29,-17,-32,-25,4,-32,-25,28,-27,30,17,-27,-27,-22,-22,-21,-7,24,-23,-3,-25;
MA   /M: SY='K'; M=-7,-2,-25,-2,5,-20,-19,-8,-12,6,-10,-4,-2,-14,5,5,-4,-4,-11,-25,-11,4;
MA   /M: SY='A'; M=43,-9,-11,-18,-9,-19,-1,-19,-9,-11,-12,-10,-8,-10,-9,-19,13,2,0,-23,-19,-9;
MA   /M: SY='A'; M=42,-10,-10,-19,-11,-19,3,-20,-12,-11,-12,-11,-9,-11,-11,-20,10,1,-2,-21,-20,-11;
MA   /M: SY='R'; M=-13,-1,-28,2,9,-25,-19,-3,-23,19,-17,-8,-1,-15,11,25,-7,-9,-17,-24,-11,8;
MA   /M: SY='I'; M=-12,-22,-25,-28,-19,4,-29,-16,17,-15,14,13,-16,-23,-14,-9,-18,-8,9,-15,2,-18;
MA   /M: SY='A'; M=30,-16,-1,-23,-16,-13,-10,-22,-2,-16,0,-4,-16,-18,-15,-21,0,-3,7,-24,-17,-16;
MA   /M: SY='T'; M=8,-9,-15,-16,-11,-5,-12,-14,-5,-13,-3,-1,-5,-16,-9,-13,5,10,-2,-23,-9,-10;
MA   /M: SY='R'; M=-3,2,-23,2,7,-22,-14,-3,-21,8,-18,-10,3,-13,7,12,2,-3,-16,-25,-11,5;
MA   /M: SY='A'; M=12,-5,-12,-10,-8,-17,1,-8,-17,-10,-15,-11,1,-16,-7,-10,9,-1,-11,-28,-16,-8;
MA   /M: SY='G'; M=-2,-5,-29,-6,-16,-30,58,-17,-38,-14,-30,-19,4,-19,-15,-15,0,-18,-29,-22,-28,-15;
MA   /M: SY='V'; M=-1,-20,3,-26,-21,-11,-23,-22,9,-19,-1,1,-16,-23,-16,-19,-7,-2,14,-29,-12,-20;
MA   /M: SY='P'; M=-3,-6,-27,-6,3,-22,-17,-3,-17,1,-19,-9,-5,14,2,-4,-3,-3,-18,-25,-13,0;
MA   /M: SY='M'; M=-2,-18,-14,-24,-20,-3,-22,-15,14,-14,8,20,-18,-21,-14,-14,-6,7,19,-25,-6,-17;
MA   /M: SY='I'; M=-2,-24,-18,-29,-22,5,-28,-18,18,-22,12,9,-20,-23,-18,-20,-13,-5,18,-20,-1,-21;
MA   /M: SY='I'; M=-10,-30,-26,-36,-26,4,-36,-26,38,-30,31,20,-24,-24,-20,-26,-24,-10,23,-20,0,-26;
MA   /M: SY='A'; M=22,-11,-9,-19,-14,-14,-5,-20,-7,-14,-5,-4,-10,-15,-12,-18,6,7,2,-24,-16,-13;
MA   /M: SY='N'; M=-2,13,-19,9,3,-24,-4,-1,-23,-4,-28,-19,19,-4,0,-6,15,3,-21,-36,-19,1;
MA   /M: SY='G'; M=5,-9,-27,-10,-18,-29,59,-20,-36,-18,-28,-19,-1,-19,-18,-19,2,-16,-26,-21,-28,-18;
MA   /M: SY='R'; M=-4,-1,-22,-4,3,-14,-16,-8,-20,10,-17,-11,2,-14,1,13,1,1,-14,-23,-9,1;
MA   /M: SY='N'; M=-6,6,-25,4,5,-22,-14,-3,-17,3,-17,-11,7,-12,2,4,-1,-5,-15,-28,-13,2;
MA   /I: E0=0; IE=-105; DE=-105;
CC   /SCALING_DB=window20;
CC   /AUTHOR=B_Cuche;
CC   /VERSION=1;
DO   PDOC00701;
//

